79.72627578528113	95.57898999478441
54.660528823498225	-116.10214423030855
95.50368599230774	64.34343247569524
25.62684139502366	113.23107244613823
116.33142003253101	153.8991180469298
71.60420651644355	-67.27394212090073
97.73006144148718	73.97731702463867
103.34809235901275	120.74452024600981
23.849241331731918	9.766552988131423
9.419810235120622	127.16287048446566
-14.0879778018094	-46.61870336542167
102.56611612391816	77.18050974561046
96.96234597492338	47.24005101714681
15.496897800053688	-46.561872376739814
81.914665939126	69.01786562226025
105.11238416157943	54.96756207369239
60.0617084801508	-44.60619027667679
35.40115696739136	55.654226674788475
45.31692608580005	-100.28969289787193
99.24797378137163	138.2215331284266
120.39376801614026	-84.41821701062617
108.03529405866777	156.58280963145853
93.03203411727696	-33.39558655233395
114.85338515660658	134.01375273716224
77.63016968873427	21.52624134461226
138.15093486017855	134.26951621027925
135.92420352157876	-32.82132033192812
134.32155153535143	138.6140978135029
75.35559313419532	-30.64904651334715
50.19523047909104	-164.61817027678535
-27.372344321490527	157.50584944047046
38.575454091129046	25.649769256312226
99.58978494179564	-41.0395815781579
85.98858216821185	123.48081836788174
92.06913159548617	-48.983169821601024
69.28445558632242	83.60358996530651
81.38683745088377	108.50800123045028
38.758177742878274	72.16472057791958
101.30186037799581	67.0399385524629
21.38245479430944	36.289391158809536
54.544590767746286	111.66706309165806
102.87976362075568	69.0357399005976
25.845809333437614	112.11361132373315
48.76411548609718	-28.433366220429168
43.66636181053698	104.94947785002728
114.94668306722718	97.78104966270452
4.039610270225637	87.49921938051841
34.233569394141085	11.244062178573813
46.152291408634596	123.27717620015456
123.05403006364168	-102.47728161413465
-68.8703193045826	170.0248705216776
35.116656523796905	29.677461604434484
116.65332372744615	86.28597999450594
68.34919912591178	168.3968309456958
118.03662988953283	-29.596102711124963
110.26438569398215	-28.361857453923967
83.4198228193327	-16.96652516237808
86.94836774096979	-93.15194804318529
132.52463638128881	-56.64449290296015
106.55706211473995	96.37595771917223
70.00697463346194	91.27761056462052
109.78802513357567	-23.92422418109917
55.66941730464305	61.657708138948635
44.448961371109306	43.869327229789356
137.4824700948165	132.74827376311126
141.51582016302598	125.54539143188146
133.27607176205885	123.2371285678966
113.09165665982209	-48.670340153179616
132.24712055540238	-62.947127547433716
30.28487728075561	113.15708651224031
55.594331394688545	-105.93141358501873
128.2346910353038	90.37213175609989
45.41110520225891	61.22820264929541
118.79161507644369	-45.036074134683744
123.82138949758047	128.1872568555487
113.51729817973586	142.64960877777133
84.87468855146659	43.52008174290242
57.77802813804078	-30.239330970095015
22.462336434625882	154.70165731438829
109.27975175907653	90.18406773985981
-155.2464115948651	108.35060659984993
105.51548337492494	76.11366139615075
100.07916712068646	171.24381108699197
108.28893013417934	-58.042341564807764
111.02864286471294	-17.425647838846164
120.01065062830776	146.29181367138244
71.11655727935155	-43.12524884838729
113.61631911612278	139.91032444901896
53.548356229373866	74.44073213643973
92.34079291211992	-169.1196733228884
80.62346082173207	-164.93277483868735
91.72879013720404	123.09913107500057
93.19678431415963	163.63043912248008
42.2745170103982	11.165389982474494
9.396442924540764	-35.61268540307668
57.38016724165058	155.811204764097
72.24838232059969	-143.91405066636503
132.8681474342617	-38.41215364905914
52.39570258274259	32.17977180833509
46.52604489140316	112.32863318401434
11.028088325715999	120.14281709827611
61.21108021515988	67.63032015459714
113.0409470649468	164.91187428926406
98.85386754885013	-1.4328059512008053
41.739204353359725	-46.04632196304385
106.95924397349313	-34.021526573042024
61.16774900701128	-108.26406974940619
121.14592250560469	84.13645241353237
81.863966119324	158.23191935781864
114.58015037347644	-145.72241382212218
175.39843821918248	42.250739662357255
83.65312226080295	-25.571678717267154
125.55773614543006	-37.55572327161619
36.50774350804926	-170.35023594435228
24.121312964747233	-118.78444012687169
26.23301456384624	163.66735395736782
69.20111174711224	5.762282229184478
103.43205370193431	123.63972019055814
79.37128833065765	18.006489819729666
26.331231297252316	1.2435749291866074
-121.53815581764229	154.34953505727884
91.49947067268016	71.95287424549227
114.02184503998927	-126.99518951523574
130.53031388487443	108.98090493114921
140.53461972030868	135.60075342809216
64.72673147252095	158.38473464846635
119.35183890859429	110.57102400581408
28.319953766186984	-46.58459512498476
44.30096874738928	43.150192231049544
73.44978941678255	129.75719366645512
150.06240995024382	-55.0350855053845
72.23680620704309	-131.1843513811643
151.87196860909785	-70.36912848371249
99.0692200200927	-107.75583947247588
129.5709882267331	100.09837483987809
59.40267358314827	49.6548809480284
53.61304905740394	66.97005293736552
59.01473993780789	-55.15725528258083
72.73130761543172	78.76765078234229
46.741564404538394	-102.31555303501334
-39.21989755276053	120.08804505554758
77.80627751339648	-56.66433490497075
69.20297761279673	94.42088436184343
49.2736314604918	31.04128671931694
107.18345026498599	58.29668425471243
114.79936931344378	120.89566606332914
66.88512295106204	98.46687848909443
138.14820566546751	139.70912262153743
29.98027428233746	-36.35528410896171
38.55245917101877	2.987437957252496
27.551868703326704	-66.0674091913537
117.29809881174504	-30.723079331869094
111.70094816287656	125.86083012989297
120.33173375709544	-38.65931331605526
105.45792452346484	110.56785309927449
87.17388951134672	-113.14068640760732
45.48317305006094	157.6106819077726
133.0899178458962	121.49973318053122
114.77196015144932	125.1796077329422
62.408683395619164	-125.52118957629887
88.78312931440966	84.81238837010733
15.550543602329412	150.44647808156554
124.69095452936682	149.21551922274529
82.47437130510957	16.804666245927194
49.36324541718872	107.49088216886491
7.343361487254015	60.480646256085414
125.2910612465385	-83.6361576198952
103.43459758032213	152.63790201497585
125.26341607362144	-48.16941147117171
51.13423035982828	70.16552022237632
18.9913660151459	121.35776190943466
21.597093348418866	82.62702558174817
120.48669623861394	154.46590850083984
131.48214197455064	141.72027354564386
125.4457415620493	134.58778120698986
74.81264359131816	101.27361827776929
69.83839645726809	10.152391231534864
30.61466028731479	-69.62490664353307
46.54567447031707	168.65822195379528
101.34579244010126	37.6732196143264
41.25606156566727	140.86464754200733
107.87998366513733	110.00781817233394
71.8540280697909	155.27842856013524
27.475571891333544	-26.580549893183615
51.00162905149608	-21.602211124143935
116.38913733598804	86.77557582173404
121.49518006557366	174.39837803839714
109.47289918043288	-33.92941559180451
78.99909437712842	-24.116620950678378
63.26956421961296	161.02976201659726
122.86242853285455	2.5662603808664244
110.84223799429418	126.46956312775797
72.70703534836179	-1.2331576712022638
59.196895163835876	87.0621333351457
104.98783656393312	171.30038257133629
126.73856808137145	-39.60492972272351
113.70846461958257	177.36680851521135
58.54906790459182	-50.99669071225987
18.158154109080982	-104.4790569614764
112.50472024850518	-169.15265340884173
119.10277285565826	-176.5748234935595
121.64907728391398	91.77884099815746
59.59096610531395	47.44847380645034
45.07533868995776	161.40818413619422
38.432818274744164	129.72017220299796
53.30216722047578	41.81268437029689
70.55267730505625	33.71462776275645
134.64952994859027	-67.62276105771785
59.557337087911264	165.866063069221
45.156173701924075	-129.61592011288747
44.98115674646772	100.33979328601146
37.7507484777891	161.6820535481056
136.1398001627996	-68.10005166075518
39.64253343710453	-133.54306192044925
32.21642125635867	112.12676512894603
75.6652059087819	-5.107513919074067
103.1716761517153	-171.69249296700713
52.60101333892584	134.3133484377808
91.58003660903734	-75.57286225183594
112.69486821581836	169.75058248150606
140.26987103015398	-25.51839998741127
57.37444201036399	143.01216161158806
55.58524403518152	162.9450087935823
121.18030228966063	-32.11035603013035
109.63826760739443	144.2660262019914
100.41787522089521	-33.98237951651506
100.34730630828938	145.60073510461473
57.5937330329306	78.8936421827814
84.15334942866087	172.5314009348126
96.79833983027817	-45.11457805719867
70.2066858810328	-58.110269066372354
98.88013533602617	102.41647094051632
104.45380432833429	1.9980959492677641
105.06056851449603	89.25566867840784
125.65348360289147	124.41099313363702
79.62111765977323	33.66704360667495
76.66539392188685	139.35210202197584
128.04691238119676	97.53279696186019
48.98444051773865	-104.37558293121243
104.91397422312178	157.49756617433377
85.2525253874623	106.41023902673373
70.49791117909353	19.635555695657047
14.931766205846998	39.012361561941475
17.711469478284272	-72.7395441942631
109.67635899416456	-20.086702406396494
62.043743740559535	18.757258658430374
38.56451097626956	-59.774290314860195
106.61699875757324	-42.45612895378341
96.13938305027017	171.0956863100384
23.73783166925736	-8.210541101748309
-8.384693734160734	162.3415398358809
53.88338518081508	90.24737682810058
121.17772144922566	141.18516158179648
56.49570083623286	-101.67390036288322
72.86340741907642	162.17269526461007
140.4866233088319	133.80064437189975
126.96620103218748	-44.0675043320914
69.23063846044434	41.6019802000907
23.40281810082331	123.9380330007341
109.11359627924287	93.5233988212201
42.80595418257417	167.5838026492921
109.4401803090268	-6.1341264210660675
64.65760001139105	4.625854856323592
50.11835351887828	129.985287301904
86.36985895196364	16.72897227686832
41.36231714123062	-83.92442337633216
96.73390793061509	28.433868590661064
41.44920387959374	65.97198171568897
58.689894568470294	63.39009999815073
37.395203045641324	39.90046242864685
34.39731670141191	126.03218559491557
96.98217715270965	162.43479600211526
128.4243103267384	150.12273151536317
116.99354200783563	137.4101890448846
107.25399051582008	-28.803043440829953
99.70062934132449	133.55636203894915
118.9969672106946	132.5995985619724
108.10846020416216	72.98285665399916
23.808186629451257	-117.33254527131909
101.91286338584058	86.45425638295501
38.37861995384219	96.94445051841501
30.49925166098552	-157.76934034539795
119.46648858804701	-32.7763165969408
63.806897840075976	-164.8547521087889
40.81526232028773	52.99661104209861
27.71154499656234	-138.6633760583165
26.23728469513182	-104.08399515079508
136.06906687172716	124.09549825656023
116.32596394638603	-65.92075330930771
16.293629162707873	-172.30247966016884
-87.81872240403453	-69.22886150161844
121.7277496240269	144.50405997876334
114.10233111610353	132.6322376581665
117.13086701397316	157.91150600791167
90.6047694244981	-46.64765254085404
119.23850568998995	126.5504644674877
48.083666231925065	46.2376242334484
121.87317307236242	134.52918677513122
44.237017662767755	84.43364284416117
40.36717853866412	-127.09803841339044
12.031937541693964	90.43206515009916
97.39189280485328	165.64702944109422
59.25644639814368	16.78316371710889
114.97687534068251	85.39679503184959
38.94925431063507	66.94626979821942
95.42374076631268	106.99911284772872
78.28817533999165	15.507701926287428
36.0913675456533	-169.22241646384825
88.03017771765235	148.0642885256692
58.42405920417596	-73.49463802928062
126.04688896240015	140.9832780945154
38.89471965251536	164.05286035320768
31.265106774680845	84.92344092780439
77.70095830091009	150.00104762502303
64.78270743641932	146.2700943257109
12.446714376767119	176.95792586108075
101.08733455565556	89.28559385184677
15.366833066985407	-148.56076711476553
93.66977128484683	17.59256229808024
24.633638989662302	29.25047532742471
-137.65844899571573	90.18418306110414
89.14545134846708	-63.877039192768734
91.56329765249131	55.59381066324784
9.097951371694279	-10.185902125640391
34.224976585123216	119.65303998884264
111.33946469499625	94.45078468280997
99.44746911266952	69.25730259046225
3.32325153902633	114.77811077482431
78.64502907041594	-29.21424458968886
61.25264125842523	-177.27783513273994
-71.15012837485833	80.05877334744838
116.89473226020704	93.95619556259477
111.52018094622565	124.56959779271772
23.32787834553386	110.73872266254881
112.93393631166379	90.01458908477144
49.59765933566467	83.06917367005838
123.24706299718923	-1.4394765533231464
110.95461961705047	-116.25693429833491
35.393611243156215	-111.06240236645573
77.53029432829481	87.28673076382081
-77.89560250187452	172.55743037847697
120.64031855625359	138.09168084791634
92.40400897165955	132.1797083177578
92.02263589326259	122.27412449128802
29.16481087873379	118.72982409587217
100.79660357317186	17.434052582206277
33.767238257007364	15.67169838196395
24.634039591715066	-31.33600982081795
36.601061995418235	88.90725076821118
100.55280290564457	59.03641895359246
89.30571952819307	59.44390255403698
82.81986186452224	157.76037132706404
18.405280044052006	-51.9670115642453
51.81767568087611	85.39337638891931
98.08280628287486	154.58732089065757
95.31003253026756	148.11656311327897
107.82142396903316	-16.7011780047691
71.08738866181542	-49.864602695114485
66.23404032054455	107.57874892364654
80.70300776709252	131.12626689591775
120.01715191281642	-53.98622107917379
142.21035068448333	113.4330204341801
69.57727531815618	48.88136529248454
34.080891879439974	-57.58472157524465
81.59659966067346	-48.814547688714924
85.96163991644045	66.24426152823287
38.61397042200878	-8.011765751297162
107.46540188308092	-42.424578303188014
94.0082151440779	-28.288077647470512
52.88896337132428	49.58760703946314
148.19996658583824	130.31161878306796
85.8256626364846	-84.05865233151093
115.15626515160085	126.18959128329954
39.2411795730128	-97.31957805168892
67.17695992546919	26.840722704707503
32.688645410681175	172.93824245137768
85.91295598199105	119.26913896802871
37.10962280900469	-73.14908984068461
101.43776583875308	60.11081221132565
76.94558182142066	-112.44272968149053
-93.91619631049491	-85.50441298947955
95.2116703521533	147.030625978709
82.00132729385325	12.423466603518648
10.38542166128326	-64.83674100305456
40.37993225448983	-26.27246545684195
93.40912459044768	-177.19942758518764
136.6295319153151	121.77171910189213
83.78976067949719	-46.65761275431788
10.603354288795941	102.75557746043972
38.165037926548365	-80.52625819763989
-74.2228667869508	136.33247108394124
105.50717840717522	-28.779662978609963
147.2768737045763	121.35128698369329
124.60667182439829	-49.81067436212908
91.14191876933404	46.7795023861068
21.447737301098755	110.34703998773529
111.2735045824445	-60.70607320126851
120.65103367919932	-40.27206674289732
91.29579426574367	71.48722961839485
59.96830269973077	-109.88982147749161
-54.65786064128383	-106.81448308391761
124.34790556500212	-41.89155571326097
102.9709293512629	-6.658921336587131
88.77332655206004	135.99102761728062
102.66202799831444	106.78414521683851
116.50670443466515	-48.4221614151069
51.215450014051896	47.941764681979635
69.5391457992427	30.70826764567216
74.79947033092986	-160.2385968606493
42.14024596676069	-80.10510557925375
88.78054311681956	-76.83808711586988
47.65125579640477	38.80100397470511
43.25277571483855	-103.69587120672499
113.60003401025807	142.51845490032053
59.426567125068374	101.45396520658761
112.46015683325385	105.91961455099876
41.881104723934044	-29.246709185638508
98.07307919535589	-68.7206970032758
86.62944905677392	43.15986353468432
105.24298728237665	18.379882421832654
-4.16692397036579	95.77417342426713
98.81102026409678	128.40432064241975
84.30224409543416	14.545942549956749
76.62268369744919	-23.54562626181957
60.33500807428359	60.89159330119196
110.96365044784034	78.26126048792167
122.08754603162163	95.03884341140756
105.05597723136412	70.29323778881235
113.5721037589255	80.61629420162353
68.93229302665196	147.474406614016
105.75072572939501	71.17986660720268
25.625046765388333	31.08422379865877
112.78151213543663	108.47879831447023
95.54273390506211	13.062890249608529
55.63261059077561	103.5993002339794
128.81453635259726	122.38538158419811
25.7530908080642	156.98141089879624
56.01409168066442	-48.777866975865784
0.4084597699208814	-16.779086366813274
69.70968137942103	39.79059824602777
151.04197795619697	24.321888858498085
33.543139854661405	-44.161439328889685
109.46790932494588	177.3597232740206
122.02896678512099	155.89577977182938
39.36500839555575	-61.30871820346629
94.67727558271446	48.4594305647463
51.45276322757633	170.1414706671458
39.24090796380875	46.55087476161066
123.47800287971245	111.31937324493536
14.402406958612886	80.15543561475926
136.41860195081884	-36.98626612878127
106.31268432261265	155.82255084612518
107.16886800139554	-17.75996577579692
125.76048309738184	137.93309996721203
107.8982111160563	-31.540813329844404
142.62920278286435	111.45564142351208
25.31208252420103	43.788618386450594
89.77018714993972	-22.022164246070904
51.96260171904959	81.88879984325479
14.420875539194611	5.286648564027075
30.864037986784297	-7.589233524864939
64.77567689372219	42.0539775704699
123.82994981771066	121.85764287214636
134.39554305492203	-75.85128601082555
77.92912305108945	104.13225603696486
149.41596022684172	107.97045495859317
52.9948097771173	99.25741042515926
15.745476707074516	109.82613073172092
81.85219366074102	14.206821205916185
76.46143883336617	-71.92286732051664
-10.87849782915805	120.56209829027046
71.06865190366057	19.38829435068095
97.93160015068406	72.70948199544509
114.20040490951214	79.32033253888436
52.42837247876486	158.6361129522944
138.59281890219694	-84.84480518383319
142.40669401500315	-78.84890003508752
78.44678227238154	101.08099366986585
96.95813117894397	-36.195582054834226
83.27989898242095	-98.44664484077667
-170.34873272314292	109.22722307619506
72.616001326326	-167.8936028441338
47.41913342270064	-28.117081255547987
121.02304729443279	117.23948347735666
109.59616176493574	174.17019556472633
111.82039820312815	-11.122824430331082
75.21184700200678	-27.135626201356615
123.80444395494993	-52.10119393353016
87.0478953583376	-151.5977191251357
46.3138401112339	-144.06632071913978
40.878828801152906	18.11235877783787
52.56575311949885	19.136537941833808
117.12496289818012	94.09788895813058
6.806461602765637	25.372552782198483
89.41921505658183	158.41887089522845
69.60383057390646	90.62606367835546
78.36290141847348	-12.602692246717563
74.55758426914733	10.061815957434305
38.59510931715329	161.28229430148886
115.67447729989681	-108.41904906984618
123.47630951945604	147.2143250760356
11.67728614620421	6.324062182064978
67.41426070079751	171.5748712381867
38.80126627998203	27.941996192292322
10.700162331064803	55.338579930235255
43.74177318965323	-2.262010640816527
16.228577692511948	38.6430362020958
97.83427259234026	93.64670953036835
122.14735282057705	145.06708073073395
41.48084475511706	-145.32611754520377
1.4039358351095643	-36.65778040151304
84.28096405574723	66.30483981161024
101.27776990576803	126.09448273541045
90.70718708168494	-72.20224062264035
71.44142637048358	1.997496001753575
110.57256384430337	-33.55428219563652
96.83295026303978	-39.88074977673061
115.05418540477729	136.46816610205883
34.05041937851496	-43.47687480508435
42.57159134402582	-3.528666594995343
165.80314800351874	174.23800582716993
101.51722672125527	60.070577864937604
22.832911820496292	-10.829325181995216
19.669640799871843	-73.21553232659309
130.44578449160014	112.51484834085181
100.26504152690455	38.72364941690887
29.806598820960602	-11.080830870128667
40.10285778937177	128.86246114704
113.80369891974243	131.58659508591063
16.267507066253245	164.87983782202832
99.42601420730489	128.7487537407083
88.40312403980323	169.23472550209124
29.11402621688552	9.902782175259448
30.90010022404317	19.801744612935487
41.210374026467264	-95.40096599835927
105.75592451472107	-67.04394819184046
96.10872046833214	176.49728297712826
48.97779733220838	4.11187368031073
85.50879741943447	-5.272789982420221
115.54714465733082	-119.40655174612931
86.27678860869261	-63.01697296392422
104.29427183027582	69.86543659875258
103.20096732593902	84.77969994409136
94.13708811039493	73.89463642075657
135.78956049928064	-70.14035723245166
57.07837529190874	160.14478314899134
15.271459961715408	87.15252054966606
132.35058051237735	138.39586048254645
66.64474629693774	49.76575343417638
115.63162473166301	128.193484964919
174.46532267099565	-22.68984741457185
79.43413149034387	-144.7393927642247
137.68621785541478	135.33947504375112
18.60384295447693	-10.057256499638815
20.399982230989394	-120.72896745473146
77.3746989256573	-42.35187674055308
116.340916564846	165.6089319001103
91.43771452676981	123.24780655940742
140.77179479376514	112.84884813687177
41.468083474254854	43.76955520661602
54.373989927758856	14.902587648546273
114.8061854721496	174.90768220472594
13.60521795628651	17.584133161100567
53.1862931285614	27.78737569695856
54.38184374192528	-38.20288806615709
4.141635525778696	-27.40656980630324
105.39589358096691	131.7020402391687
41.92309399512459	172.32088053225556
130.21890673924258	133.272932464645
16.38968810181325	-129.6288655786397
3.426050723043204	141.85692683634613
59.35660369382532	-91.31299299876747
33.807004213418	162.26433741176422
104.88070017431818	153.11120889210156
117.546963925731	155.62148918313721
104.97911388936836	0.3333012449072137
42.60302200052615	-14.884943006568028
83.0636076052665	138.0585768505547
92.93596591585953	115.03685478958334
37.76426839948692	-103.06057022148349
-87.36155362963518	-169.59457244463283
54.72892732234283	-111.6241853141326
119.69862002025735	78.39034928504873
99.69693227729431	-74.20972828969258
113.33477489593253	70.29610051283004
3.9292377019767173	-15.92362451440021
37.73907440812266	152.6093772366002
64.603203856081	74.09962165497038
50.297845543537306	-133.31650449684935
104.9027056187544	168.14389302145372
114.99474965484455	2.0817721499013544
121.92664909252574	-87.16842183112428
109.0531328485738	-40.18284052125921
94.49491608870375	62.084724136959814
141.77653940646263	-92.76312419953746
85.06746647958448	179.52776167651223
112.17998575719821	-41.15039081411243
16.80459151323538	89.58674728907829
98.32888720808666	-100.16484472954198
30.875417267475427	97.06031513609395
36.208458372632776	-65.89634762583489
77.28100631118048	44.619791832692044
97.87319737556595	106.16796269580658
89.01401378571302	178.75236943206562
112.64294018504927	-24.364988562465783
110.27764326761297	137.6399941570961
109.84824319845643	131.56953474244227
96.68208439061226	64.32950066119275
77.06871601568952	7.332091828785401
27.474497489617733	81.7934060795348
5.360430458533415	-43.39155218662926
121.11494664170414	105.91536636093832
135.3853500991761	126.84978452836816
140.54945254980964	-55.74389105668103
83.28868585393974	49.04131721571589
8.089545037322637	113.47498332958952
46.388275064986374	59.67183195426912
124.86789734458102	139.37138920087818
55.654160312566376	115.21944148118916
127.47137881612059	89.78281669265516
133.21982010381106	111.38670553900465
83.29463529481097	86.54173121215265
29.85907354110023	110.77221788546143
45.16319946399628	58.37401344915034
84.569079820696	95.38263903731888
101.45843530398531	63.626961522152726
93.36392969136085	73.90132465804976
100.03921584634031	74.71483551466025
28.784060286835427	113.282133235126
47.976480698452065	-64.87293594486039
55.81774548220005	154.44954735983328
79.88636961995877	-51.37409559492096
28.83156355074533	4.295228681470235
142.43869911916727	125.30514329040737
69.76531867448438	22.583478995566082
135.75500235025225	128.939823187368
35.945256389495086	167.05073588721507
66.00792364693174	-134.9131484756312
30.724906171339654	68.54864695103947
61.68972009414023	-94.09829281951602
-79.2934917099222	-43.30186004340311
89.74611767753663	132.7495176324319
131.9414921443036	-64.67193205657972
102.83730880843439	45.854313529762564
7.790248842983544	-147.78194077709634
60.11575982885262	134.81935171758994
61.550040504808464	112.60972578891966
19.10560911737386	8.15282485173941
95.54499862088346	-129.18720615963687
20.97768667057406	137.0332075726185
26.278976506683847	54.802126182404834
48.19487304661678	0.05546955501646167
53.07090087733647	-72.81918996831365
80.8509880736301	-110.42816575252738
43.26509961830919	164.5734175280628
116.96662030240924	-33.95959609743288
95.23684336394314	168.0585265293605
70.33573882651925	-73.90884096948697
101.08487968616288	56.53120609959882
33.58009335454358	106.46167384175544
109.80747700863225	0.01830707383583971
112.81698073035147	124.2253879076979
97.88946945147501	64.92947614937864
97.20383293380945	128.3519073465191
36.73682333130219	-12.162167997062467
33.492304990300596	72.22064379131044
59.93045625909508	-30.318720103435822
31.3400033001881	16.94086695524311
129.3323713573215	140.73688841491304
41.66178388111291	28.56597155330534
129.3502268392285	-73.62892628435918
62.29712377542512	57.74408672394155
106.9353610361801	12.431950649411192
11.015981131208548	50.84660462810991
97.50715768438982	113.3656687902959
96.67971054806355	92.74853635872921
50.213168133179806	166.71102760281423
46.16613591178526	38.011410730051466
92.92616588511765	-171.17508828763363
80.68906111321405	-99.37965353342281
110.1402241872421	-7.232286663864556
122.19495347412027	-43.72383031201532
122.43926509909846	96.41767448141837
62.19956238507572	8.90560390410269
13.995815744193465	-65.83616428655192
89.7007862266758	176.97757716463948
118.90257341052984	-39.70816403746174
46.393322541937266	59.604172272146684
116.96810901923664	87.15290824040846
34.13542965823035	51.82208441173674
88.26861580463867	135.6849369521069
31.520250268635237	-103.07080963209887
46.165453925983456	-83.74346631832033
131.37682385282807	164.34635153152487
130.84439623084643	108.79113599947289
137.0317492860077	130.2292361832654
121.59536329073109	-54.12472210366402
123.10710913559848	141.88983019736156
113.40946912899233	-44.76205923539085
105.32600694441794	178.17379850947626
113.57149016048515	156.5811679059721
9.210458344839196	114.21329777595845
120.37197307031806	90.03320646109665
96.12741397833605	-153.3497301231531
68.06837542217627	76.55922850002378
107.11094382671206	8.10091909168591
61.20767243193504	7.677662003980231
20.787324917530952	-56.285918933533665
66.65503579747005	47.5701536231216
106.02753845356517	-100.8774368099051
141.33579579481105	118.49053723341581
125.55505160717894	-54.05474137399065
102.38402856362035	78.20785630704856
54.32131559124244	35.12103779409199
107.28046076313518	149.09862834294785
122.77423982211133	-34.092126006962914
82.75764868343941	136.10454388792544
139.33223376385064	112.50667179111082
26.107119573423347	2.47857351605154
49.25241210672033	42.186639206540576
46.64206850156802	132.36888679404024
75.72012317530795	152.3267915740916
92.0367329764299	-42.83804563883926
59.42421358041253	48.929113828429394
62.0904066673136	140.30604737569644
23.597441473161723	-12.16029827212557
109.11046856188779	-28.050553720467967
87.53913951134695	22.57099729386755
25.539570199016936	111.0724938365554
79.56434614844517	-106.60657030821592
105.44532742290397	98.89466614654219
89.74829460698749	79.20764220056587
102.92776455237328	44.01203927837969
126.5152512229522	130.11013527465036
23.036410674820957	19.596029407718436
117.01065120286097	-99.96494561790135
111.7227646219107	-17.583164234541428
132.87955836727463	-63.4311914029978
117.39630890136817	134.40302083523682
109.04333760039793	22.716616548287817
-2.636743910732662	126.13343322228184
107.97471188316769	81.69572519224982
16.808687424007502	100.15815885705075
12.52780773369767	44.003481825952804
132.69212152884114	-56.405908897596525
92.99033541681615	17.62177917439243
70.48627336865314	20.269387108977657
35.474746143643614	55.93739210734475
99.44615435632608	-38.906712361748646
53.60378619613357	-130.9666902583143
84.2747293741271	155.95449933939835
106.62071641162692	-37.05383902180378
19.259944972980065	-137.27753139902956
66.60133257527383	-33.16449711131178
39.79924654828298	-168.09585322704714
68.87493120604373	-51.183719825621914
123.09454047817951	128.03372289160066
21.46386587099431	77.64943001650755
97.92635675174063	122.32242671084805
57.47050037394587	0.968258972925355
111.8758269813552	89.89657402309524
86.74551165293087	17.936023756160523
87.30663315756414	61.21201245993757
96.11339218686277	-4.7786731374013165
105.4200884169274	-74.37595311413952
112.75486771912762	93.29297871256506
120.04237340597138	99.42159723271101
105.47215802926058	51.4968155132947
32.894328619060985	1.2528703283912628
5.902225986902522	42.96704227453506
173.05132834802785	6.366408235089736
47.52265260531982	54.58887790358175
47.449428920201285	116.26969582070757
105.80119043461144	-40.1773681709892
13.176857181987998	-20.944015506897898
151.4523271025833	104.97832717175622
25.197012923771155	-90.10718307901277
117.35005954070164	144.01801158131366
119.9325194731382	102.46275596114204
68.42373495768669	37.720696963913355
127.16785711813344	163.72744373932306
111.85120909319943	-122.99181174328899
104.43582188121974	-108.10199556709469
83.62264977590877	-34.42085641557773
108.46055354376358	61.822274910495366
48.02100916008743	147.04018962765275
34.48290755191505	156.05223843969713
87.2300953788731	-144.52495269602255
81.66253404512815	-52.57999281436838
6.993792025630597	72.3779642849907
122.9547023039275	-25.348912845248755
30.484246466692696	91.25642903190419
53.42777152550434	55.63206697521567
109.17921070937325	94.18072592649878
87.52895438985922	173.80164481428898
72.32168149204773	172.30882156987397
80.15452665906753	151.62075568873297
139.09051728950442	108.48224894590001
129.4010495024042	126.08751654917131
100.21023457803744	26.519130134432828
-142.2240961740866	91.22969150692523
47.1889904975815	-45.90388986339818
109.61244791434075	91.71910979501644
40.461191848385084	148.9078197319393
100.39362119417927	-114.07415917428665
34.21021672356923	123.0303064191628
59.426849162889965	136.63750778536053
30.66188158123225	105.71449570851081
92.50947529655701	152.64178343692123
57.440142601701154	95.45436161971014
-152.64772921599666	-61.53502250180634
94.05598942870853	-42.24094002945111
87.94087514557833	68.65090223815247
42.96565413625757	62.70388664145173
109.07758250485642	-19.524106384672013
98.81827075655463	161.49987709119756
56.610859787265014	16.127386117434583
53.70676368413649	29.1474219302292
58.00372963515744	43.679839974697586
109.24221478838967	-138.9432873096212
-118.90008306599755	10.091009140170769
107.12347442943172	-49.64838679211412
79.05148133621918	65.58176498073438
109.68911913364241	128.79465413570472
92.5332832033958	120.62024568252866
133.7060751229817	-53.56618520119282
16.010062423295295	67.1081491268966
31.56492081626348	153.03909155355456
19.457698154187966	93.9598809143933
103.21286237692169	106.97772396290686
100.0936152752693	-72.03213490907626
70.52367979972198	-5.885280220510706
40.44970400515689	-45.410970241115976
120.10185840338414	116.87685621210386
115.06109807498774	-41.0240681240644
117.24427506466759	168.46117918339252
67.67340164316562	11.618299710167918
45.22998367717611	-61.19077782507371
109.92495610870651	-67.05294385707414
31.601641586620588	12.700894800592664
151.4510989574178	22.226600432472196
80.58480516924163	165.53956676266995
28.733260227724088	-127.67207981291614
104.1447547752698	-96.9650980035413
122.4653665032676	106.89597901850021
42.58840153607713	-62.718857731544276
47.88101030366332	35.43291445825236
112.55296708637582	-101.18553041276266
12.931793201844584	75.42112517919901
18.97984400296889	-159.15092842543038
68.61657165575662	151.94043608132898
102.53627003497195	91.8256177331163
112.7708322103544	-171.89771261653004
131.60173697085378	-51.620021472328744
106.75922866349845	42.453200664448765
9.009875910537545	164.7394928208409
54.6604076730778	131.6581921134421
97.06293701508235	-22.336032351283574
20.2397473707814	107.80938488916654
119.84748974549916	39.522253224858815
80.9198789949969	172.15559824628593
116.62025602337656	108.39711713127491
16.172332001575967	-15.808909685600668
47.46306324422258	74.54216463172486
111.56309021080489	-97.33398276464338
127.63697806271296	-39.28950797679766
130.98769062842064	116.39157704757872
53.49121890206317	58.53594338473164
95.06163600643083	91.33391600692607
32.599877123030865	136.6456948005902
31.732387479874376	25.418243277853662
43.99448754243804	170.45832761098654
135.7599662349212	-51.35300064704717
107.21401134908757	140.50171283689662
82.65549070662706	70.41118200144399
115.613902648877	111.45623523613476
23.2949261874833	-67.96349768301076
138.73059424939413	-45.58075844208753
65.89653672314458	45.20407679306644
36.447811387612916	42.98986887958574
165.2775609097365	-2.8432982366810506
58.66049186610556	161.68049890408844
104.51714197852914	97.77328649785909
111.74546587594523	119.73076728670316
89.59461569225687	177.62644723954486
68.0543595884078	113.86780360321222
20.1019973785983	-16.230615919865578
29.713698056519206	-32.08579403769574
50.66589615964176	176.4897227531929
110.54280965171796	94.1356780918016
-140.97837959486878	120.41454727722908
112.9444165732072	113.76025070123126
107.48452477824856	-62.54975495296338
57.093888098228945	76.40236676219183
18.97549969679997	-168.81256404706676
34.73870111714487	138.96272491669959
115.99196537656138	112.40757614618661
89.53766251572029	52.40180701883139
57.26275227488216	-19.427685640525283
121.57298895362771	-61.99832624435942
67.43160053508142	-64.28595485375297
125.46132513965665	142.5564108187932
71.57751856771961	39.77754598401986
16.851429349574573	167.0035766785677
50.331230355364454	-37.750689274964714
89.87618358552851	115.0085684249068
25.267823734868074	-109.78892578025591
42.9761453855709	8.176347897593956
82.99783727528234	161.70436279060885
88.44862444311917	152.88501356117604
-40.6208751132115	78.91773807236319
35.64454234588442	11.614909676406661
10.697263114721665	-38.34888130338534
56.45641790962978	156.85742971962858
126.4115566114728	160.71571532150708
14.399913405668741	115.73480528574635
17.02965310881845	162.3951269115792
42.958478850880624	76.21886466971029
102.71404595441555	168.65880448736178
99.59438623583208	118.52650455340948
145.1217961136852	152.33986522800132
64.81723712254336	120.52535917997261
106.81782653229249	74.59760731356803
13.87020215364629	147.38583064299428
23.298929956341794	169.21356688864074
52.885652179886904	113.76354946976166
129.98978564225513	128.07552352371107
129.89420959761532	106.84986712740076
64.74924324789026	138.68999169942362
93.47718290488626	-19.39266622043734
-68.3874407576852	4.967821462036682
73.35590228618383	-28.563048734619354
45.8195169910467	-79.85197746042314
67.66235489590571	-47.39005299564925
77.49902828967697	-51.16860038999873
73.91799665112279	39.59858966420029
76.50573323255969	159.26200382388367
30.846332226835727	72.25393850387209
112.04916259731573	-44.24599030282154
44.992539335590465	119.87233958473644
90.23871722138375	-9.668962006902829
119.84997629648797	157.85890565501126
70.53839591328168	40.47183168721108
46.855466263897085	162.8183631808629
95.11669486755596	-37.822964659502894
122.19336441665024	149.1132119323347
102.80103240227254	-50.23148406032523
97.24808266801773	52.86506245627159
23.231415992573517	134.49390831104785
92.23907006111847	96.069642536284
16.251872884733928	96.8450968245225
55.089931933214416	-168.1714020496054
104.99947729584125	130.32093216207738
81.21194531545632	37.49049812401916
46.73636354306862	74.4173440591697
60.22584255368838	164.22538556269654
142.44098325086424	115.73194062285889
66.11692841764622	-63.57089912145057
114.70754512475924	-30.578160418786283
22.162319972697105	-65.98731606962676
-109.59525806319328	50.157147811532866
44.001554853814014	32.54861795531182
111.07118339348585	-50.94743671114445
112.4849481307865	135.62230574714062
127.50298928891169	-59.58558537112741
110.59438924695911	68.94457616166625
17.668076147120928	127.79699651309227
38.41345202553009	-157.44383361463787
38.54356661879123	129.11493812510685
72.44756593806164	-58.668012474967384
172.82525982387375	18.25912771470984
123.9392107449629	119.86734039137804
124.82391937221195	-40.425170661212945
126.9777029639917	-27.42655538738124
78.59265166687237	140.20204776510815
103.04587119954994	106.1701008151503
96.28556768358715	78.90072829988395
25.316494637657712	-175.22715098639017
87.13416430751306	-93.56934410782054
69.96014980549944	-141.79589960990444
2.7055868428280405	-45.519967635944255
63.22124034847067	127.56004781105699
121.83208411610582	86.76666218481218
45.99550833117249	-18.47153139955131
128.02620738027701	-60.8584433370161
125.06385146132243	-68.79653894383291
88.58423276361464	71.21212346658248
101.87345551149991	72.31091676264879
33.587967786191996	-55.68502472259823
7.938602330118442	156.4219665290557
73.24667282920015	-66.81121609354742
9.081880570669767	8.946291816572483
118.13157345757133	-60.624795603683566
23.868794186775204	-4.2083295391407205
102.00863059869761	153.615252276631
21.541600839364293	38.51262223193834
129.46858169807945	112.34073852653033
97.5921206231061	67.13278095127447
16.45511192386641	-27.135524603928157
97.00111124097924	47.077580449278734
