19.529605786555237	179.12173663076058
36.856973457472236	135.98666468737923
69.53909358338973	83.8270457706297
35.788074764465364	138.20513908464343
128.3185260903948	149.8499542132791
25.746991777976575	168.8781384413429
40.50556118437484	164.39921802156644
47.628238323125174	155.98478854437002
118.3024169663874	172.977726748568
36.08850000058504	149.54557623759825
36.74242032265823	148.22442012289451
71.54152958189178	1.1484485783772982
97.65252463657191	166.55859814664282
82.20102674318866	137.24160738315197
74.14793401005005	158.48926471690427
92.03480616369842	174.24870944339173
115.40484220186636	146.37626446754322
112.9553521968877	150.7404767988534
100.37927084540075	14.541070327240561
105.283925357621	125.25142608251805
117.31762452722592	3.827144760228066
43.312070792300005	137.15812516289196
17.60642994933869	7.435901856570581
10.636448864578796	0.0
48.49035243965784	131.03345863894162
33.55026040264016	172.40924737969647
29.343964042079023	164.9323925788243
62.04459132460903	147.29167030448588
52.28010905880046	138.42248863944948
73.09426239230268	171.98191702078248
72.36761895777923	25.019131312332718
44.93238376189805	13.640771682922036
22.6683799141627	150.58764119831145
30.101775860292804	149.6646877680245
85.04456746905021	1.082683365085927
7.110803062742718	178.11984596052463
98.97930197824121	157.42858675249082
58.36327295054417	155.90786159954257
81.42837475071269	2.5071565350127116
45.19700087209077	166.32194123509686
91.64006441302007	172.187091595603
55.81952791736603	129.60112380399067
55.1163086119345	165.4428783966556
122.0186054904047	154.73442126534172
62.7218308969002	165.61214724547915
60.39706810862515	169.75390036953303
4.299399725683429	8.782799170709382
10.767798719987894	165.42666186306167
53.500311941758525	152.83912671862117
64.41469503964638	174.91401598207221
46.952320584379805	162.45182657184955
96.7323601936584	8.48552010107133
48.13716938596809	139.27990564405283
94.97839863949548	168.3884792755141
69.3292619658267	176.26589568948629
51.94768655548225	26.873144623579236
72.42344204306491	4.614383828482119
34.13717421771196	32.1806022262532
84.41621257923686	124.13366896326842
31.59154226437019	173.84766289458184
35.58379407170139	132.6523804643822
36.21815560259151	143.78472320768086
47.09739689214476	161.67925666506707
69.49085462114289	156.40244712275992
49.89977587908044	152.73226582896982
38.71040676628681	161.72862302966058
40.015787592389984	7.12182924853235
103.6694636471251	158.0164872984619
111.40906305963	149.02582802081272
44.200755914644446	160.6489563964771
67.37735502463934	172.50849183952144
80.43687691757941	178.29617055442063
22.535986160300297	166.15614664892945
86.9781357630925	168.87934101189285
104.43385117922566	6.662549614082309
116.51976628379492	128.12569574762824
109.17732393641143	174.15539344598125
107.44056972816611	171.18485036339968
50.98694623078387	138.09956147850724
99.92790155346557	159.16877043955105
63.12348602977991	174.037911640831
57.921936650348954	16.545091205224537
43.89765584085481	174.537743858043
31.228632812986177	136.80949122442325
17.440332360674063	170.3580050922943
15.676663818444467	3.3166102362743004
45.03008551767192	21.921979697686993
12.294402398821461	0.0
61.917037022737276	121.50517632013151
86.07615727249151	140.25662980953902
31.069082063357882	160.2574966565515
23.553698878557555	145.68424837568983
46.086045604033416	150.78517963934144
106.79711070203558	0.0
108.37133190527669	171.66439688084918
33.301700981062226	3.1206917531901013
102.81141496430246	143.76503584108931
107.04801126697271	142.31231606475504
37.13794311967246	168.08073108662742
56.769396044102336	4.791077751886519
6.194980643767593	149.45828564475238
61.863347795484856	145.06931191122203
116.68453239551542	146.84312586194577
82.27904179894813	173.20310857527798
58.72590360152324	166.2357515846024
110.58462019527866	174.85630273284903
27.846261521736665	0.0
42.809539168211415	82.36803659761665
44.84017683370911	2.7939252341781184
69.91000007379748	131.199270125079
92.27919536485064	12.852881292172043
116.03212233981412	173.5187614286852
36.06258482406295	148.25042051986497
92.62646541324307	12.345673996821603
6.2728233672008855	14.196672992302467
125.66461311866277	0.46763363837558813
37.22878244054451	9.817713768928172
25.527404652750278	75.98905200733458
151.54587768831527	171.0114510589055
46.20125081728568	148.25958194106923
37.196264073621364	143.37762603303236
51.3124307735811	166.68826669554053
35.327345251148984	91.23256774417078
46.67113565714686	0.0
27.161978779797977	165.70081858844202
46.75792895599227	141.26848365654146
112.95202717061392	174.36213870518225
33.977207466663145	10.549311815262826
39.72616710893661	154.63123595926527
63.68947779652214	167.78890893738136
33.831399104959075	163.05283939228366
45.12642092958768	162.00294166836738
22.767792571312697	10.224090349118143
71.308396216939	9.341143803584913
103.63079284702968	163.57650733695866
69.96321092568465	15.441171121760988
78.24948491332628	155.77991384857793
42.880235867786126	120.77258913062417
48.65713659129423	173.35397252732264
39.50211580219414	165.82735657303712
9.460478166306842	6.465125288842614
37.232646352612335	163.007840625194
3.77029124636789	144.16131962682655
38.667828078682135	171.14087840606894
0.5857918820849761	167.42926890677208
62.00938200922562	137.92950579508928
38.178656519741594	142.22213039226526
105.84578927509932	170.4274517761771
10.185280545694809	13.063474475721051
8.091272695205362	159.0235777569414
30.929545094698142	144.59066270315728
40.73125828047358	152.27074660519398
57.83149255347294	165.53660323248567
121.19417498938918	18.93275862555521
0.0	171.835445877859
51.97267132645226	163.9620715023147
118.67550753576955	7.905683879901829
42.5873442541118	0.0
77.09929066025165	127.88288579673502
52.0972477818996	146.19970252181002
71.4261966238368	159.47514299963353
105.31802120596916	179.82249120767142
49.491013625205824	0.0
45.82613972960695	156.07569084361947
107.05533863394174	175.52823593614738
0.837646899485776	0.0
0.0	7.503432132986319
20.116364583779614	169.10199745631982
51.923339318432625	0.0
106.31744161992657	12.58162400175246
58.790736833524306	134.90205782102856
81.49669274883314	172.94507427153036
50.867103204736594	0.0
45.091188795467076	5.191909147090513
86.15468848068639	179.27114520669912
35.48508837799537	4.4318098037630875
38.006760744215455	113.24202441206045
170.82625772116407	165.9226488979715
47.62642999880424	134.40148587506562
45.31473899465948	159.66386447007955
42.5389269702267	138.73730307274565
40.35032303167213	0.0
64.92879717305544	21.034208453670544
40.84470688661824	159.5415398801994
34.40063593783594	8.322291277334926
29.480600989292668	170.63497676206407
4.525676777710231	170.17110041537975
39.51932833952563	153.65407305714365
32.73007542298538	173.64747021887243
6.80718449055226	172.36336826532943
94.21481204499798	125.80692521684794
113.29992188509016	176.96413567041827
57.70067584938516	5.283535292319499
19.97610241849347	178.21666364679692
64.41616428882003	160.16729086927526
90.44082962670058	12.575592042138311
36.85490834184969	140.14953742255273
82.0660619161311	158.7495902332307
59.924837428471676	125.90236515216544
50.48052821503393	5.364913546387271
75.96562050896821	164.7338989215142
40.16163929638833	142.0920268385858
11.013234308881295	170.59451069277614
43.801419433708304	0.7596143429729239
51.292565688569084	132.6044265415004
36.6839962797994	139.2469238065002
110.81744412778215	1.4017702804092664
28.206053597064795	13.001196272090539
9.101696046803482	162.62501514570567
41.323521089416374	128.05742094504237
46.794179371853545	155.75199056871494
88.81576052451896	7.351107002151224
99.03254784034021	119.1693327394788
80.72800029675568	153.67193232121588
44.313598163261844	141.685656000415
38.02711203108291	171.00895144968035
45.013709742291525	157.83504386301954
27.85525543537986	156.20978006130835
33.48878164132941	147.20805096860371
104.67921512017324	0.0
48.22637959403508	134.36429291816728
95.82326487123436	175.01849859085974
75.46537629216922	174.84889643920164
66.23150687452397	129.96858967643252
50.69452080750139	162.80280813346752
13.650573127578156	0.0
52.7951494304296	28.859208307023067
102.50178313958537	150.23713232559783
105.12945103946242	11.862970195442585
44.20721203007491	168.50740041933966
90.77761731936675	154.0078245035081
119.16841202889901	2.8968198696921377
47.78906298150531	11.51943086973344
16.06027920447076	167.98378405377593
24.77399762994719	165.26737121581166
85.67695331893788	51.743519618475716
